100 9 40
71 3
27 62
57 40
84 77
78 92
63 45
9 90
62 87
96 57
40 76
61 32
66 24
80 63
20 15
14 53
8 72
93 58
13 56
43 22
37 10
22 75
32 12
75 55
1 7
15 71
2 35
76 52
5 93
6 78
42 27
18 96
51 60
95 5
67 73
91 31
39 82
85 80
11 68
17 86
55 36
72 16
87 94
54 70
86 50
16 74
97 98
98 65
34 44
89 84
64 48
33 81
59 91
29 89
28 19
99 1
81 30
7 17
83 34
3 47
26 69
49 41
31 37
94 28
70 79
77 21
30 2
53 59
100 88
48 95
44 51
88 25
50 38
25 61
12 26
56 46
46 66
36 6
47 43
4 29
23 67
21 14
24 9
79 4
82 85
90 20
73 100
45 39
52 49
92 97
69 83
41 8
10 11
60 42
74 99
38 23
58 64
65 18
68 33
35 54
19 13
