100
34 1550
29 664
41 1282
48 423
62 1239
18 1540
41 786
89 659
45 712
42 334
26 1463
27 735
19 233
48 1965
11 1863
8 1092
45 743
30 1025
81 426
18 1052
47 1576
37 797
13 889
78 1509
47 1007
16 1495
59 1486
40 2000
16 296
51 228
24 910
46 290
23 1773
43 1885
23 1814
89 677
70 541
34 1758
64 1902
85 961
72 594
24 766
34 179
77 742
56 839
22 545
41 375
26 1169
29 1860
7 1896
15 509
16 180
58 1823
34 1869
54 1473
40 1575
72 1752
42 163
27 716
69 1029
38 1794
28 732
75 1423
40 436
52 1313
20 317
93 1242
77 1588
4 1573
54 1854
14 108
16 101
73 520
5 1032
30 865
13 163
71 945
16 788
85 343
75 201
4 1537
86 175
26 1034
87 1608
11 335
17 1155
68 1033
31 419
45 724
14 1530
63 1847
70 1215
73 1981
58 1017
7 1214
72 1296
56 280
11 917
51 1656
41 1778
