1000 58372780 712539191
105043265 526154192
263032631 568873976
435349290 356845938
684033943 917364982
67930562 210702013
686931508 786863632
436869137 720582497
946744041 16802644
398241335 309777043
465539307 923989384
919666761 453647059
668091563 76382985
60641652 333821657
504839156 154539664
588700512 141353378
646769370 938831255
812747832 298741066
560987533 315755755
537923237 518367642
426780880 763760108
48529117 777762048
754235681 821146876
324020303 606218038
74038176 221790006
691871251 183995581
465095588 957575686
698526880 3881337
733467653 22826557
369245056 71090381
683831084 516334985
222418717 328615033
954119850 129238830
919306940 469604412
40819359 249664335
292329794 573959069
570048059 77506603
960722008 599027353
929136284 360783801
924843062 816151581
18457914 447584483
259521769 118094100
890198697 487342474
901470971 600664769
10252887 232611010
729544331 287016542
41890441 637708246
613580187 168667219
976508696 623018071
976202828 108374815
707473649 656799529
968350309 653455385
255305530 526613926
932298695 630191563
137030811 30465981
886363114 685112157
862520123 198771655
402489560 296243011
150905276 802183497
571949511 137432757
566438313 396395440
747064473 709259398
531092583 188601727
210130520 989432666
74954179 96482948
636862218 264946438
331214481 769845842
180849590 196610276
734665038 157029139
725132688 242042409
207562716 434141447
834993270 943145793
632359559 2049659
254891132 364611713
438004811 463686891
168642985 968852519
483905746 719346417
67073633 956757309
327214474 841529250
113064583 406086096
355407408 337176950
552211569 334361087
546583554 484105834
244674773 667098509
329138297 95880384
112317324 573057212
171518480 279900467
431650818 740712153
59860127 132669141
833154202 795073184
953021747 695191329
515902952 430904921
683138261 80272731
541194970 332100838
595013513 362227213
775783564 968715318
583144730 193365536
355674699 382333935
778786275 834621
251704662 522423433
927909753 506741676
995500578 152204563
551126195 599353033
674775506 655851174
604062364 252626605
443936651 606422031
127388776 234321785
211093869 103887734
298994154 528268415
558893749 926892762
163457256 877046208
175195568 320062447
22957397 872220475
219927196 123322576
429535936 723869618
183702614 641550624
693327653 75165004
136527203 524508893
520262014 496525683
405431431 38253789
63956151 332419510
78242523 330294452
884837145 638324526
876284347 433243293
957540339 434567781
376635646 780161713
247877304 590750649
613627608 18222551
985729666 17689756
809917794 297269264
219266857 967643024
382218819 229514986
505713264 844765459
744643658 840147967
445341344 678618128
771852627 993786298
667048062 933263516
942800390 324971612
597280470 524879251
855900066 453705306
178981445 434359185
137540655 843475790
920477223 915988232
848381368 296184735
214047178 59382450
262183500 307931758
941036158 700831199
316591773 165137929
590282777 718801721
708979333 495315662
332708610 140530701
344733210 495925546
621028051 19759280
375184372 414162884
829073869 519730483
65462531 203107657
9218499 426024650
609840675 52216339
425118926 471809240
114918611 664788687
682885315 508406001
120643435 127192616
252006501 112891595
585455102 900266139
41887589 277661248
37916672 967755938
112035906 934320039
386285373 237877629
622114570 339379587
16357923 639501488
750441290 105992878
802105006 757560521
99602878 148882032
206735545 428492352
319601522 768314504
148141172 197863999
416374423 422016711
267436161 644843385
67952486 193267672
595490362 927881788
432294815 885600412
435169857 977746223
318527516 496976819
519124479 388372424
86234748 59359069
966022752 206403508
921252238 528136744
764060052 813669567
772179164 64069952
240778865 351447511
629333200 967079797
627521337 297884121
576428906 500643172
24108510 418991892
317388374 28940333
594100961 196859626
458311998 926280501
857162599 627338347
739880251 816922413
752163274 704055683
749000384 94537982
832871429 526108690
85553703 986598971
474684898 730636884
689511604 245157321
793454923 931459899
305612175 153473002
760822702 180513136
334659536 934129073
251304327 243529586
745216436 593294386
134163211 790226560
74413520 816420543
868759624 672829612
811295998 247745606
786727619 907971229
471599646 206688470
872303768 568326825
731096237 863971876
72576445 641809437
299973684 344549651
380555261 610045849
272725563 802415425
294629013 932038970
1919858 870296545
113409613 339140639
903323762 653827008
467305295 267801035
313155740 75867479
166842644 896056756
669156451 16025888
297882989 788074301
727323457 827897821
158403338 259110444
623578673 853657270
917223048 750315570
873961868 58381279
934601913 768366380
461583145 330656560
809479117 249442274
698113034 50893096
940512113 652390308
902188022 764321864
737702496 234727859
994321165 847304998
965650364 363641910
360521104 864676736
791809025 943140509
51581122 810599849
172989824 812828023
183950272 282356095
76239370 136268281
328554053 474309158
954462710 197739372
483005065 730351941
935546432 91916236
48652409 808661938
167270021 661595539
284147371 970427737
988115354 408079350
865222996 201023320
637451090 185045552
112027456 14708122
656466946 100515667
2210255 677569271
162220357 598000985
495476692 535471298
397978187 448445470
20015002 265320533
790937409 107932541
227936275 144104195
311608466 972127599
554882084 124600237
844364680 663818535
723984069 731977941
380211274 671770459
475139364 839931684
342738615 104668408
624709919 281826261
374744039 17215803
325940866 898277548
823112610 965538144
3695173 915392666
383433656 850743421
453098778 792035028
774395568 186609099
883442339 116652255
69620004 945472545
43402263 782637368
362658818 121418605
341529689 352872663
108090622 927914372
220712590 878555691
26870932 679051596
308370267 151688475
295182895 748951393
304415073 477491032
48985393 432330881
30994198 782401432
742577678 544096217
609726208 752064789
839541450 136204287
837297015 17240531
749436183 745379904
410068077 83002243
114877554 517747987
102721536 572942106
488299135 969173543
860538415 274114131
33433634 362152575
855964778 553629779
646935564 385696309
29456383 135570773
252526278 140422275
689169577 834114114
283868192 902069786
468602678 764883441
976610541 914094870
11012008 480713767
145689499 816741199
906641670 944825682
586845122 769889311
565904360 575227956
708790068 414537715
308605890 480019879
215000887 242334771
335618718 299032950
865525147 488054106
906063063 738068147
900442038 839366887
577328793 13868490
528413861 361564971
748521674 541648747
97544613 474316750
190308840 683756894
967649068 699079595
756944008 442320809
861448593 547762936
479789634 309967322
613569713 678301309
73404744 623112020
659645052 936028997
199970503 380323997
502261544 4797409
785474432 968166235
971259360 836113784
60806401 539212595
385119077 734011257
534365479 150013390
17763837 702929723
907167593 987366747
402848448 180366129
85436816 117979563
597810671 221300591
809295588 620845904
770632907 420481176
200142360 487138340
312909804 386109715
421379731 539337372
827378554 938833761
336931651 665263038
371914536 147741208
834272976 673462038
333299467 605511020
46973566 736740358
379655501 899961565
895818685 226976712
137441393 117548171
684974105 15376873
55579003 306203560
278894831 982982839
480948257 675013314
241201489 519718371
898819169 37769300
186521885 407785069
702230134 784497786
766480482 737718339
177608626 266806436
37748968 640022097
814421847 789782063
572678670 803096725
398734502 532434591
142036140 945578081
281592082 833780401
249259756 195729019
602374505 145545524
563413687 521653018
632676903 617760751
177354114 450745615
50715359 876827333
275716734 990842487
109363610 720203265
332396236 71531660
956143585 708738093
490283988 210913486
117597602 127744821
289776993 786884356
435996847 221569916
11686337 941163716
616863977 709243819
272551730 527691847
110155537 625378425
534804991 496255787
732489164 789989844
696415921 417146539
288255721 339123251
730258654 862266205
184777975 702851411
590042541 953245463
708465059 383394428
932825197 193228385
158428890 913643798
838333272 515325082
283207173 459454770
412494617 735980688
157842619 896088543
596271744 903436407
933775341 656008511
628327330 48523333
16715456 320382531
385915893 572277692
894576699 328352972
335104031 645618270
671485535 711269133
938850436 522486640
770436518 845929413
119345803 439010085
362605983 217576115
759804560 224074882
169569396 503795535
843569722 659277897
150071993 785996657
285187571 929924793
370896974 587697629
811204308 765787623
885379681 392004372
403194759 870634455
427151794 276385905
993763436 811722936
35098760 176123754
863246890 587036763
986612170 544050759
202572274 643984477
237336494 163784528
378397114 695510420
769330264 705786270
260832993 938257740
82190017 534062131
675702640 976686074
281237257 97326470
99292281 118734218
259605110 141887708
602024064 523021091
658149903 5562194
656988771 692364843
620077848 17453369
188670287 961068709
845397762 696724011
668849968 388043573
876697764 13502784
866676697 868908957
297785880 203777110
945325644 961510478
459578758 145712982
526108782 687960844
940234678 445699611
92951842 594953147
9827534 468604180
752936617 17550190
799525630 76416621
817069879 261589152
881485922 478577681
649722648 759611947
910563520 119233431
535291125 541841078
851131130 593827634
372131390 762814223
131689912 455536315
347647064 61207058
21863315 385475062
236247508 766511623
660795569 366409140
950992719 717171608
542514798 200799237
216057132 88272581
665183365 804147163
905825413 642271275
179495613 801485380
235171805 44313023
328196384 416096606
428792545 147155620
257609031 130826258
297985547 189585506
276436364 188596261
836701183 219134157
762277224 188318016
103119103 794701632
525056537 898247704
860114972 901306566
103186065 340839540
118254502 993104825
636552401 831069874
901769391 539963231
116629855 890769696
934126736 716674677
298034205 636549849
73037976 693930202
561744832 513516557
82437198 345811741
521962068 348483179
239974776 28885313
627379788 361726144
191963863 584779856
764780475 336748817
799302006 375820612
66145792 14264102
396054684 193966695
519714588 670260133
896908875 74423508
515159132 551559686
515249114 922826051
16979867 702293516
979972248 684494661
59652275 679618612
152215254 766025386
281529458 216665725
784301808 715663997
877609988 685170573
136611907 196752227
367357101 97988989
65324254 563098866
236065201 491239733
148161495 97582634
415364806 252681674
989288015 800737606
442943224 485188214
538353313 852255841
630193473 773912227
755463542 16342648
194291639 856091175
40850443 762229335
962500429 866692756
153181903 511121579
776620587 595036914
722618731 956886407
763022033 220154735
40441275 770559689
872347054 933493512
590735256 744609260
404147696 504342020
207330153 75572954
936256284 819093513
98528718 406231457
912447488 895585230
900541673 377925029
301878694 818931780
819949487 11308761
960546984 28518864
789930941 459272339
140823196 700184357
32137951 882165386
184025016 630492903
53113956 399087543
92987243 160004262
641140014 331357043
547667939 139862254
742106594 748119499
523584628 501789792
237515090 842809670
951053193 319254262
837347199 930234406
700620222 602578312
185417464 964023151
650535837 386817117
290656629 746199932
492582558 332129849
529674774 178681347
278359209 859114258
673632742 424773543
544758889 195891322
126259889 499475953
938248854 932574523
36049140 219071392
805662641 961706716
291943185 213976696
976809117 935174624
842907707 87271293
457549470 589832487
980610954 137895263
776376941 434552070
434453858 87675601
461700712 161183712
996302680 948071407
904669312 933384319
937431250 732123877
777894971 515169799
8260685 557579764
929864393 175716551
64225099 244733067
199058775 495362754
993398393 421346700
273639729 163821871
278985306 247988925
447104634 416192365
837395292 403577820
345267785 119009960
886430824 23072245
219828036 865853153
155877456 198888725
496091968 762092315
187061895 116398662
343881236 707211390
457400008 793679747
911198491 144293586
820758957 228928781
588915738 723603501
422040013 424857000
591391330 518011600
827305338 770996986
480749142 180041646
148331762 103260585
651913729 845734931
187955338 436380801
116410117 395257049
778147025 46712273
941524430 619779471
933135602 518086997
472677147 434988967
535709584 959209556
258886150 789011311
939353976 375354966
495350527 618272761
183192715 477214190
831643547 373367732
695109761 623017254
960474482 343298350
77950186 188336273
14276402 949145562
946134170 608041349
836227515 797431862
712194853 268040243
94847536 870266915
358632902 777798137
448312201 856243718
187279491 723049205
452770201 948332014
561205064 127093614
276957932 59157431
133237913 621361123
404571501 808192550
841552204 378173264
51354881 638214378
398481814 779471114
158644417 71000135
945537364 909663982
272618887 129611721
908741868 173657466
313062015 102443194
951421363 972925163
877702518 430917011
602159594 768133183
146547349 747268068
866778234 562270313
594912048 230924370
393070698 710104563
853697881 793354278
442076258 247193050
648774238 605206920
624045996 245755681
465889903 543036586
714225617 800219985
923149079 930226769
421342076 60690432
605475674 79241895
324819930 391879634
971453760 134910797
721934962 98231613
177223845 563203647
644477475 630262518
375451584 55342611
958832151 495165513
894957476 495131884
391385158 835568562
649606728 638379893
746483986 691014984
922325605 351819260
919432260 995238198
741802146 650487147
809726048 526015414
784811487 509964287
652087772 919917807
669292685 12017691
755136661 360193013
455326964 855371766
285679531 776844141
299452525 285494300
793685852 88419133
613847617 366216255
113739684 46490836
138754427 75115582
403646635 562193574
511505857 114120691
505277947 408370453
217751989 114543972
925833944 47549179
417937326 828435539
513219541 372063620
145456577 546906797
491938217 493191769
182623689 282267994
380049832 239691394
709317710 799678384
254723046 883078968
302910294 435633695
561708125 637662707
338180095 743302585
801516835 290385178
647957304 800158184
421794508 180879060
85448471 244779125
283016577 426413841
112923651 40330165
15064330 311552815
459643660 415342946
894111006 186141196
40091951 872772506
509991972 225157697
767047388 547013551
795026219 618744364
192207441 419016937
844249196 765328166
803848584 497804550
947887926 778365976
393048495 513607044
92075662 706687671
831839120 235600918
307340755 167097849
369053920 50791493
205867644 1755367
795126666 33196714
999751637 179722206
917034249 616095678
261727800 169664795
862191235 22211991
673333829 13678123
505785662 230482964
992921448 294550487
734347118 377627533
810241205 252717480
480268249 292021362
828475380 907514528
99608530 222928428
173430605 609198267
984166654 674998684
663688420 275949806
153334454 199123843
476986717 212937149
572526136 216418252
704700174 517991559
66007390 21993134
2286386 400601178
231429643 967518025
193931146 462508215
847642133 322061450
901961076 599377020
207316845 468972849
99107057 663947495
593828528 675779094
410048661 217858119
524558091 644464496
282797548 468081939
912506031 865289582
34626766 19525058
825083821 793433395
605994222 344310834
949055820 155619262
876361844 304765473
492057759 351223980
314606879 445460120
86804882 801151979
894724501 805636454
254720104 125721560
680643234 839959737
734534510 511897284
727351688 78911998
992820636 297075032
667065961 229190606
533236406 127022422
820794933 926551754
813694916 420228099
748358715 592935600
960218529 679168892
591512558 90701044
548579290 551429345
133359561 661075565
62581927 359187540
439574140 802761529
328055673 861838093
815322539 954948104
2366836 227338387
97068328 423891010
140164837 863288326
168030481 661740033
763633123 837419528
180700262 62238289
122729656 229372965
114489467 829611479
694967568 317750727
331778041 578624467
60121185 198162482
415881262 796405534
276095581 77898877
305367081 284892511
614564774 320464344
720733480 808641671
705895674 336388013
657541076 823781746
401776400 250082001
501635972 385422327
474516399 713047942
845481050 445459206
997726200 910604108
936339295 193269603
595178651 751753174
825013486 839002809
720894801 717087835
522088681 456535594
505643326 561056322
650517844 386128287
92590988 336411921
994544657 711773649
892647751 411184258
835164110 433602974
746422667 764858343
427808084 902149499
303470627 862361705
566170090 894714503
9549656 569608494
84268906 439836725
354743850 756641679
731648313 429351379
388320099 659471838
242427657 934437182
59516201 182880940
231147725 700269870
879106412 9856810
728442062 511353036
21022464 74457837
708813371 572826679
686278785 352058827
657704298 348275768
968790181 7533492
534853043 282593193
702877298 631254948
345822782 140656793
418504584 720442268
226151305 904960847
996672064 440469129
368462850 24280213
843801182 634279202
624197408 98793804
799643900 5368367
937188284 425245082
147806348 564465482
994051027 62598111
337353630 909949248
207856455 82021615
67830841 194868311
335872347 251766598
879100134 110011932
605939352 33834536
43341120 323923715
726913478 176276098
114870764 990844514
346483125 143166139
721818978 559680066
370572589 860929251
911564324 842636149
406845121 936398565
318193430 80078597
457971401 703096646
946954496 974188824
727867285 650872116
275744859 286548832
938539400 679557301
120836293 844800505
949503982 598014910
38727621 6176022
352782021 762408238
567927330 11210220
554983580 489399087
508801763 637462280
926634844 470467028
122041355 436769418
284712819 944036419
139032087 8170188
364323016 762253523
630617138 115107419
8256350 396254649
793549939 932036679
499758182 451132359
458265469 279722712
188287554 246864362
342894789 107282633
350124451 4593703
818404770 719662537
787169036 760847242
295772492 479708289
50295384 344034149
431839082 585379549
554381473 607568223
434254682 877001130
640373331 91428492
473052250 791598327
631005774 514119330
964246992 745527782
632772465 689983445
337050416 325684961
880147627 657279741
113023608 129449230
912406565 925151309
839425896 176846958
892729163 764292565
503602220 198715149
958930119 232163183
141977 716737212
528948130 85373473
694415537 42122695
182453278 512082681
952255214 987491203
654157141 548239653
47889357 685832358
502380469 871502224
741690373 739823
102547706 820053340
217221077 644678026
332140776 566340151
656496837 340711795
963704216 847564743
52506509 843365028
392800059 103476475
109972997 815088786
146653002 262009865
964526592 119795462
821665391 258701542
386223263 549773827
764261558 704056992
745837280 602059693
720002057 923872072
244876868 295638260
96349579 194662475
707010896 873970988
526665270 66912358
242266639 629737899
27672626 533030883
873786219 682427168
600097141 715548422
435927308 790668349
849130538 255183251
87214042 643472184
864705441 59576818
441025921 602070181
533204536 60774917
109259496 692841076
408589173 126314142
348966839 422345081
821878949 811775280
75290933 571359078
879864326 968517180
76635739 339142769
513726156 778362854
431291723 526781480
228071225 5582724
161267199 643435635
799024742 636006229
281783540 354809633
938695561 108188385
332394316 799593430
873242255 896675322
82170359 374429639
397373952 80884515
422099389 897782068
581339543 79608268
258782103 202634364
332609819 457537361
761232470 964484927
765045025 24846654
192344601 691655648
40628572 437311952
982226226 578305919
409588032 702050246
389560980 540712444
618340512 223405742
908370535 692680534
641528217 784252566
854727893 433310367
765089645 338556034
360455688 710720499
389064872 934984094
226715310 125321938
430053546 814878230
